8.259019202969241746e+01
7.623815859062736422e+01
7.124937134827329999e+01
5.954557250527315659e+01
5.498969033108360094e+01
4.894199506739669658e+01
4.862840333421689110e+01
4.961147638838359342e+01
4.641881082537232572e+01
4.479749026620991970e+01
3.870471797901812039e+01
3.448779724653812906e+01
3.040356551850997491e+01
3.128644508165907467e+01
2.913080195048971177e+01
3.432484103243897522e+01
3.364285768954518119e+01
3.313151795273237354e+01
3.546777308624638181e+01
3.605139481292745529e+01
3.851049507363296698e+01
3.942276801506180561e+01
4.217196846510567809e+01
4.340683479293708302e+01
4.267128597796956058e+01
3.914120521974991362e+01
3.973377401719100988e+01
3.773235808223856935e+01
3.540381503207587599e+01
3.259524237485075560e+01
3.015674006712324129e+01
2.887937160143007276e+01
2.553501783141667048e+01
2.257789867415803897e+01
2.350941616827388003e+01
2.348352227259287517e+01
2.373472464950282657e+01
2.195306150055396799e+01
2.072720006689229066e+01
2.082245014424464458e+01
2.055153725145874333e+01
1.934562295651745600e+01
1.944005474991640625e+01
1.948240013789390801e+01
1.976597830818176504e+01
1.854845454249365488e+01
1.592239278663545221e+01
1.613792971988331360e+01
1.698375220716196310e+01
1.747791473205014512e+01
1.726492538114867870e+01
1.822814676451436711e+01
1.862280456936399275e+01
1.832991656560306382e+01
1.810818922957220778e+01
1.755556661666014406e+01
1.694136559415154153e+01
1.776216875628002612e+01
1.725619973588639766e+01
1.943326855417862120e+01
2.282946936764035328e+01
2.489367211282971937e+01
2.488912341732732969e+01
2.539478134142955668e+01
2.496213817638600574e+01
2.482266230032380605e+01
2.527092613380604647e+01
2.513394550315405951e+01
2.576834394797516126e+01
2.413380498898266069e+01
2.098032207763149515e+01
1.896230113368103787e+01
1.989419666442280743e+01
2.017445045013135285e+01
2.056417276829582619e+01
2.075980253592269520e+01
2.089759460170916228e+01
2.298446927243394455e+01
2.524885064635496690e+01
2.610567051606640732e+01
2.596875949941341943e+01
2.539152329256486951e+01
2.457579632806838887e+01
2.448606398856028932e+01
2.487251675657125816e+01
2.566165457871231936e+01
2.537384834860058191e+01
2.339203024732195146e+01
2.269804025162197547e+01
2.395269090820475100e+01
2.620006128635202458e+01
2.781255476649953451e+01
2.825318935874336290e+01
2.740794040633985418e+01
2.734715183769107938e+01
2.684296606694495679e+01
2.939052431837117751e+01
3.048953005950412987e+01
2.885860596486048024e+01
2.826891183322447176e+01
2.525977503500881838e+01
2.436988491440325788e+01
2.409347047169254807e+01
2.592227644613474880e+01
2.534332673211205034e+01
2.508692626303177775e+01
2.253280767710661792e+01
2.059916648329465971e+01
2.093637500508964067e+01
2.045838885059949774e+01
2.184323238294883041e+01
2.353705600776835283e+01
2.396497975417320703e+01
2.399466061481775370e+01
2.430516344844685506e+01
2.484065193317486120e+01
2.696460823903420234e+01
2.752092593625140537e+01
2.722065055919417276e+01
2.689597959634019730e+01
2.641062546893068586e+01
2.412437815536385344e+01
2.319683676277158568e+01
2.211774427719128511e+01
2.249459049112728692e+01
2.237627832740691503e+01
1.994180924852974712e+01
1.981928983206032768e+01
1.988307439593545212e+01
2.001161442198998230e+01
1.995398519132229609e+01
1.834864439794416668e+01
1.852369382481651527e+01
1.827962422959755173e+01
1.803906725873585870e+01
1.743742647132764034e+01
1.752582793305923303e+01
1.685419243017046753e+01
1.618439541143066052e+01
1.483638936980504752e+01
1.397849971043198636e+01
1.459517704953976214e+01
1.313115501543514085e+01
1.154287278524898674e+01
9.875389737973501170e+00
8.834885472027277586e+00
8.064321273051323402e+00
7.897940211462281646e+00
8.281062771314195103e+00
8.371180013244712725e+00
9.347706205266797852e+00
1.065774690258430724e+01
1.267814283285212618e+01
1.473868042904437381e+01
1.531224765123876708e+01
1.589786187925819050e+01
1.712789757190608242e+01
1.736201178758054553e+01
1.736316525441132086e+01
1.794244092938988899e+01
1.778687104480469472e+01
1.668428387267406521e+01
1.598927815239322214e+01
1.470866608619282090e+01
1.542223021207303546e+01
1.519445091867063091e+01
1.389058530814783765e+01
1.365730695561442509e+01
1.308615863916737965e+01
1.184615658191541421e+01
1.059730109871088288e+01
9.908415688018644474e+00
8.282063760108986372e+00
7.586852400177505729e+00
6.449680224293854458e+00
5.957105829876415015e+00
6.009960708989383171e+00
5.492860937460934068e+00
5.010814614098580755e+00
4.627800399824293365e+00
4.721241276444835044e+00
4.905211285103407093e+00
5.276149938966460340e+00
5.408605028041160168e+00
5.153839947074616568e+00
4.757292853903316576e+00
4.052458409328226097e+00
3.867579697340581824e+00
3.906836668998560302e+00
4.172180068148842125e+00
4.126405330612995748e+00
4.479181610374535438e+00
4.759412872475464518e+00
5.319309116950863725e+00
5.990243450294419070e+00
6.727180455669790504e+00
7.336206392845478597e+00
7.726880778883677081e+00
7.904717791776337599e+00
7.691425580405164553e+00
7.615947875292365055e+00
7.256115498450391499e+00
6.756720155367365699e+00
5.916856553266904406e+00
5.121908251191497286e+00
4.400201078653258158e+00
3.743906075231715924e+00
3.147281756593598878e+00
2.526894803968878112e+00
2.156491833391068091e+00
1.716888575233111336e+00
1.325181920812370295e+00
1.137696968269347630e+00
1.126155949035566595e+00
1.190915257630118518e+00
1.205575418146413558e+00
1.349993193437932115e+00
1.447075671854598955e+00
1.822493861975512219e+00
2.099443531318207157e+00
2.528910402966810800e+00
3.147413942366877215e+00
3.744523781189642797e+00
4.123654608665718868e+00
4.569496676198674834e+00
5.137984536806993852e+00
5.250603350389484447e+00
5.431998497394088687e+00
5.379313191357939949e+00
5.342266119099652322e+00
5.105634476145975320e+00
4.647161018578425562e+00
4.196549982223547914e+00
3.948157653194429351e+00
3.544332805334165393e+00
3.001352642769535617e+00
2.745724979932687937e+00
2.330274816343226085e+00
1.977443487595482496e+00
1.729666537851483055e+00
1.535096985492813815e+00
1.440155372995827854e+00
1.416788062178678143e+00
1.380368218279481862e+00
1.514078679730873622e+00
1.593022274019858076e+00
1.667659124717480790e+00
1.874066947632145652e+00
2.037428343968429090e+00
2.256514932916442451e+00
2.498287999145998750e+00
2.683904019109077499e+00
2.749166525333324618e+00
2.909258922358725297e+00
3.082478391064352508e+00
3.175006935221987181e+00
3.296621789934941038e+00
3.283616099083959572e+00
3.296787826321553982e+00
3.159465970252070210e+00
3.063035756225847450e+00
3.034327115893915128e+00
2.991642121615136318e+00
2.862772973505692597e+00
2.638577535268475938e+00
2.565710648268157534e+00
2.428438976043843400e+00
2.426764470221854708e+00
2.383163635141235748e+00
2.409044517188502432e+00
2.308128150747963847e+00
2.289395700647129939e+00
2.334892627861843817e+00
2.438283885330029488e+00
2.407832302917281897e+00
2.421743335008559317e+00
2.509757129765185280e+00
2.453146608844295251e+00
2.528166071474698740e+00
2.498850128000355220e+00
2.600331514090409968e+00
2.634848323663972813e+00
2.673101445857152036e+00
2.707088056526659070e+00
2.840344673781229012e+00
2.907570668624372079e+00
2.930090791506323455e+00
2.988834427127059268e+00
2.919249514525135147e+00
2.949096633987346561e+00
2.951326706766488783e+00
2.839339363231864866e+00
2.814399979593932066e+00
2.730542510705842751e+00
2.614484852587104502e+00
2.673103626479981454e+00
2.700530122231691532e+00
2.609718392647740526e+00
2.555107175593799074e+00
2.499691888196399869e+00
2.472594539209516995e+00
2.505761181162384776e+00
2.486706419783916822e+00
2.400503357193003673e+00
2.412658690716245946e+00
2.345861254903303550e+00
2.274294310854582779e+00
2.294719159185175439e+00
2.299005039814792983e+00
2.334184956549723466e+00
2.326535809993518722e+00
2.387628066794342807e+00
2.360286744503153677e+00
2.387640980123979961e+00
2.478913060388562961e+00
