7.635378695181063335e+01
8.921098657293681811e+01
4.572985724370816740e+01
4.189313078548709512e+01
4.426036075988796625e+01
2.930344952659860525e+01
2.191968037283046655e+01
3.005372023597105979e+01
1.560198411765868265e+01
1.580261696799935045e+01
2.239105634610039886e+01
2.280221874546134231e+01
1.803605365739798572e+01
1.181542737034740931e+01
1.268521480473977725e+01
1.415271173251468539e+01
6.214270972450555064e+01
4.096537499220507783e+01
3.955348552807415530e+01
9.691321010535331126e+00
1.244723054417296382e+01
1.149241206151169870e+01
1.166125219598886531e+01
9.452412664858249158e+00
1.297080880642413625e+01
1.484769023379460151e+01
1.433565416752233901e+01
1.357627033829657215e+01
1.005615307813860504e+01
1.432384639943263593e+01
1.403655124520939879e+01
1.337101859784961277e+01
1.142570869282199020e+01
7.895166039074865694e+00
1.428485379267020328e+01
1.228153692732977653e+01
1.131125965734990224e+01
1.243416174131418117e+01
1.508352213434532807e+01
1.352964792942119310e+01
1.169770636635793437e+01
9.920620726605106299e+00
3.317623024190882575e+01
2.463091624845086969e+01
1.331461186322993839e+01
3.661280929954334340e+01
5.690544298892410779e+01
7.247254743737768123e+00
1.014983221491632648e+01
9.970658911350332332e+00
7.112002673684763465e+00
1.270202570485673199e+01
1.320487738987898396e+01
1.326670013338234355e+01
1.256668432732276486e+01
9.227196919328111591e+00
9.287383337272975936e+00
7.321308172660208946e+00
1.187705794338475229e+01
6.987599574255391133e+00
1.169177537686996260e+01
1.006625781671526987e+01
7.971674335884039841e+00
1.270705816345281924e+01
1.084943017387391428e+01
1.199780711071830197e+01
7.788883579994412720e+00
1.192607453011082619e+01
1.055080410823141435e+01
1.507565842087097963e+01
1.226330300315033739e+01
3.135621623925417722e+01
1.358054560703432401e+01
2.751420825894942368e+01
3.334868422720565917e+01
6.488827201059069694e+01
1.502612141133310253e+01
8.940301245919863860e+00
1.460986520195192107e+01
1.584677962916588889e+01
1.591025785861408437e+01
1.813483811346841534e+01
1.082600285462615908e+01
2.686524804457998528e+01
1.903076296430566572e+01
1.454114383686984979e+01
1.029404697319405138e+01
1.141680066020083117e+01
1.319763501445394915e+01
1.659447951052295167e+01
1.267090553583109269e+01
1.761196969460705120e+01
2.042347919097804976e+01
1.788760724491119802e+01
1.739568576410800915e+01
2.213793148629249430e+01
1.910474408621339748e+01
2.461546569445775390e+01
1.545130987178633220e+01
2.712705029219939945e+01
1.831235344344544913e+01
2.319193361679234400e+01
1.844529395965728824e+01
1.856730256534445900e+01
1.832627138950316592e+01
2.119021538911840352e+01
1.137041675059664847e+01
2.068379115678733626e+01
1.143976000947400884e+01
1.777024899817594417e+01
1.942934318105934821e+01
1.828911301148452750e+01
1.649211951750621807e+01
1.882476029228958936e+01
2.209903893339010850e+01
2.099316944848171573e+01
2.055805262383425713e+01
1.944734459984067954e+01
1.909841469178373430e+01
1.842555809919489107e+01
2.354675199292610799e+01
1.994514008634336122e+01
1.229247120826781448e+01
1.908985827623821407e+01
2.494918567499726691e+01
1.110485398458548900e+01
1.843528320092778827e+01
1.800165667651193857e+01
2.267787917976920653e+01
1.559790785561551019e+01
1.586568295916722882e+01
1.515939862698796503e+01
1.441826552059060162e+01
1.191833715639741520e+01
1.394096333572306179e+01
8.832582609570806653e+00
7.488556755029704526e+00
8.669364007533081562e+00
4.756122343198839530e+00
2.527793222411904850e+00
1.942040721041776052e+00
8.636214650645355206e-01
3.629976500189859845e+00
7.274770084005972137e+00
8.862704414669568820e+00
1.082592987446149202e+01
1.446547363182699719e+01
1.626641685081004596e+01
1.711286071344865434e+01
2.135701177683158392e+01
2.136445507407596978e+01
1.463735351510693938e+01
1.872144447550298452e+01
1.506080539831347487e+01
1.596936826918190278e+01
1.598000862774918573e+01
1.427202834506149109e+01
1.407129722844404540e+01
7.787844610900727105e+00
1.076160439186918971e+01
1.139889329975538423e+01
8.572362200686999500e+00
4.887503726731805997e+00
4.284200045914679400e+00
5.367067748541938244e+00
6.352117820505635670e+00
4.321562975117586802e+00
4.200606317732814787e+00
3.466947525624670234e+00
4.074873851017613013e+00
2.108183961572872356e+00
2.137657457502905700e+00
1.485359156929066282e+00
1.304383453646428714e+00
1.255812781881184836e+00
7.843430223419766145e-01
6.525539960153143859e-01
6.709678688117647338e-01
3.169352257741347434e-01
4.121404343501334777e-01
4.936874980281062419e-01
2.367974799639992189e-01
3.169471197033741916e-01
